image: walls_map.pgm
resolution: 0.10000000149011612
origin: [-13.037775061873203, -5.997635449564766, 0.0]
negate: 0
occupied_thresh: 0.65
free_thresh: 0.25
